15um				
/Hugo/2014/07012014/Gate Freq swp a			Power=100dBm	
	0V		20V	
f	Amp	Phase	Amp	Phase
5280000000	-84.2987511	-148.955823	-83.8535931	-151.00708
5280010000	-85.2932162	-140.097483	-85.1742694	-141.083051
5280020000	-85.5451009	-156.829535	-84.1462486	-146.067195
5280030000	-85.1802787	-148.718367	-84.8011709	-142.140134
5280040000	-85.2142224	-152.384988	-84.9748094	-141.390758
5280050000	-83.6868098	-155.435704	-84.8850754	-147.598833
5280060000	-84.5047589	-152.985359	-84.4250181	-144.454309
5280070000	-84.8850025	-146.187191	-84.1073366	-149.229982
5280080000	-85.0606369	-140.720491	-84.4546735	-149.022252
5280090000	-84.7469715	-147.110575	-85.4183703	-148.213198
5280100000	-84.344048	-143.596032	-85.2168784	-142.473881
5280110000	-85.6783495	-151.39811	-85.0039046	-136.328918
5280120000	-84.5363841	-150.856898	-85.0094381	-149.375806
5280130000	-84.7382343	-142.595789	-83.6218049	-152.483515
5280140000	-83.6851559	-150.66073	-83.484465	-150.231983
5280150000	-84.0741541	-146.543772	-85.871887	-141.291576
5280160000	-84.7900265	-140.704673	-83.7754061	-141.875543
5280170000	-83.9835402	-152.510534	-83.8555452	-136.612982
5280180000	-83.935041	-153.144609	-84.5369585	-148.182507
5280190000	-84.0147824	-145.266162	-84.2908102	-134.489532
5280200000	-85.3400653	-146.902113	-84.1144803	-149.651851
5280210000	-83.3678841	-146.411881	-84.7760931	-137.19889
5280220000	-85.5322011	-144.997734	-82.9982823	-142.314367
5280230000	-84.6890211	-134.349179	-84.5988944	-139.269848
5280240000	-84.2120766	-147.516714	-83.4880936	-137.279548
5280250000	-83.6283967	-143.916812	-82.5297973	-139.816422
5280260000	-84.2491367	-141.226252	-84.2197983	-139.018821
5280270000	-83.4560919	-142.119867	-83.7176526	-136.474706
5280280000	-83.1151175	-141.361341	-83.8050592	-148.466949
5280290000	-84.5848984	-140.001172	-83.139925	-142.069875
5280300000	-84.2364528	-150.220722	-82.9153698	-136.13367
5280310000	-85.0254683	-144.421621	-84.4281616	-147.827169
5280320000	-84.3531851	-146.511994	-84.9675671	-133.049733
5280330000	-84.2040743	-142.910859	-84.8678959	-141.245983
5280340000	-83.7411163	-147.545024	-84.2282297	-138.39808
5280350000	-85.3461066	-143.273255	-83.749683	-137.281774
5280360000	-83.2956746	-144.799225	-84.4870635	-145.221852
5280370000	-83.8038682	-132.991628	-84.2135693	-138.628899
5280380000	-84.3655805	-142.819674	-84.6162349	-136.415692
5280390000	-83.8766736	-139.999409	-84.264642	-135.143394
5280400000	-84.2300075	-140.226084	-83.6571934	-140.213073
5280410000	-85.1072821	-140.449074	-83.4701899	-138.633204
5280420000	-84.6578655	-143.205698	-84.9997276	-141.693367
5280430000	-83.765101	-144.704694	-82.606326	-141.345159
5280440000	-83.4248041	-138.946944	-84.3540574	-134.732808
5280450000	-83.3638136	-142.446641	-84.6767571	-140.487429
5280460000	-83.6224167	-131.833919	-83.7814145	-134.674486
5280470000	-83.5171479	-139.081157	-83.6920876	-128.796582
5280480000	-83.939406	-134.676939	-84.4298334	-136.140311
5280490000	-84.1268911	-134.771133	-82.9570991	-131.47362
5280500000	-83.6613497	-137.360503	-83.04348	-141.390645
5280510000	-83.163618	-133.074317	-83.6326685	-133.467352
5280520000	-83.6302398	-129.201639	-83.4399523	-135.293923
5280530000	-84.1463774	-142.384141	-83.9126224	-136.71412
5280540000	-83.9824929	-138.933821	-83.3539773	-137.89475
5280550000	-83.9533572	-137.696005	-84.500511	-134.406446
5280560000	-83.4895014	-137.231669	-83.9522341	-135.83663
5280570000	-83.6075102	-135.591696	-83.446608	-130.541406
5280580000	-82.6425621	-136.497443	-83.5454515	-130.4848
5280590000	-83.8165557	-141.011688	-83.6918307	-127.125497
5280600000	-83.599494	-129.185298	-82.8005001	-135.503753
5280610000	-83.1823523	-136.712032	-83.4264578	-137.048443
5280620000	-83.0495697	-135.764398	-84.6428721	-137.076235
5280630000	-82.8028195	-140.209151	-84.0579567	-135.182469
5280640000	-82.9051318	-132.742171	-83.5347413	-133.059919
5280650000	-82.4909458	-135.227765	-83.8679947	-135.279388
5280660000	-84.0910113	-138.111654	-82.3204399	-131.173102
5280670000	-82.440811	-134.795208	-82.0866768	-131.382492
5280680000	-82.9536364	-131.542942	-83.7816803	-136.988539
5280690000	-84.024548	-134.858904	-82.3278261	-133.064828
5280700000	-83.0854977	-138.017077	-83.7318466	-131.750097
5280710000	-84.2588617	-137.556084	-82.599145	-130.396554
5280720000	-83.1537259	-133.690539	-83.1937374	-126.021085
5280730000	-83.415863	-131.858518	-84.1802425	-127.5132
5280740000	-82.5920362	-139.977749	-82.7580384	-131.523608
5280750000	-82.3864485	-130.309791	-83.6339023	-127.47009
5280760000	-82.7921324	-132.083725	-83.1048055	-127.781052
5280770000	-82.8519745	-136.840982	-84.2285773	-138.842952
5280780000	-82.9202886	-131.837116	-83.3597118	-126.574925
5280790000	-83.1597768	-132.485331	-82.9147306	-129.224395
5280800000	-83.2862247	-136.832498	-83.8045185	-126.860201
5280810000	-82.8858634	-137.239097	-83.3334379	-126.938539
5280820000	-83.3835926	-132.024846	-83.2653358	-128.30295
5280830000	-82.8621663	-137.739624	-83.1225277	-125.697191
5280840000	-81.9879078	-130.64693	-83.1750319	-124.06537
5280850000	-82.7873536	-135.204415	-82.2296755	-125.012929
5280860000	-81.9325723	-128.648788	-82.7167817	-128.802286
5280870000	-83.0526135	-130.798166	-82.2316056	-122.44957
5280880000	-82.2361192	-131.985448	-82.5628736	-127.552794
5280890000	-82.2321256	-134.887002	-81.7838361	-122.034701
5280900000	-82.2622124	-137.767761	-82.8505413	-129.150319
5280910000	-82.2262903	-132.251391	-82.5203591	-123.15863
5280920000	-82.4396812	-129.280365	-81.9947882	-125.610115
5280930000	-82.8091156	-126.198916	-82.3412295	-125.762018
5280940000	-83.1266523	-134.304159	-82.9771752	-128.07543
5280950000	-82.829731	-125.79603	-82.600442	-120.189569
5280960000	-83.3701904	-127.333457	-81.9206135	-120.909856
5280970000	-82.5960338	-135.057469	-81.9721544	-123.830197
5280980000	-82.3775288	-124.280828	-83.4714914	-125.585819
5280990000	-82.6539589	-129.211852	-81.7284848	-125.144732
5281000000	-82.7760596	-130.010504	-82.7621698	-122.812948
5281010000	-82.1895765	-127.574514	-82.1090375	-128.961969
5281020000	-81.8103181	-130.997171	-82.0134198	-130.104502
5281030000	-81.7594652	-124.970091	-82.4313166	-123.410731
5281040000	-82.8031894	-130.13842	-83.2431317	-130.513387
5281050000	-81.6937676	-124.133722	-82.9752758	-128.593779
5281060000	-82.8103111	-127.645084	-81.9350386	-121.566651
5281070000	-81.8223118	-134.441491	-82.6533235	-120.03724
5281080000	-82.1297215	-126.332251	-82.7745566	-118.653424
5281090000	-82.3566934	-127.364045	-82.0454546	-128.644847
5281100000	-82.7992886	-129.180437	-81.8155701	-123.03379
5281110000	-82.314904	-130.502051	-81.2877251	-131.511197
5281120000	-82.4946821	-130.833449	-82.2921749	-121.228542
5281130000	-82.0719687	-125.618825	-82.4682996	-122.236456
5281140000	-81.2432516	-124.544929	-83.4142652	-118.499891
5281150000	-81.7781944	-135.312987	-82.5532446	-120.555674
5281160000	-81.887056	-127.250617	-82.3159997	-123.325957
5281170000	-82.372245	-123.980981	-81.7939859	-116.889598
5281180000	-81.5775047	-125.214362	-82.1235474	-126.695156
5281190000	-82.0590445	-122.068812	-81.7824857	-123.859732
5281200000	-81.1628893	-126.699509	-83.2538082	-114.965795
5281210000	-81.546725	-126.9767	-82.1923651	-118.450696
5281220000	-81.8271604	-128.515856	-82.0493184	-126.375306
5281230000	-81.6173899	-121.606946	-82.3076057	-121.101714
5281240000	-81.8439781	-122.236297	-81.8561907	-123.096906
5281250000	-82.5689828	-123.02829	-81.9532722	-120.081073
5281260000	-82.3215985	-121.559906	-82.0421197	-115.087738
5281270000	-82.2901311	-121.241663	-81.0682984	-120.036813
5281280000	-81.039531	-126.478786	-82.1319722	-119.133775
5281290000	-81.7192113	-123.02556	-81.9806443	-123.47394
5281300000	-82.2679856	-127.907735	-81.7635012	-118.699642
5281310000	-82.0781094	-126.119257	-81.4585937	-116.124669
5281320000	-81.8560821	-122.018465	-80.3945715	-113.010154
5281330000	-81.9163518	-124.983913	-81.5705281	-119.288358
5281340000	-81.4294259	-122.646226	-82.3852114	-116.514377
5281350000	-81.6793986	-119.216321	-80.5240843	-116.798153
5281360000	-81.5825809	-117.714459	-81.7332265	-121.892378
5281370000	-81.57243	-125.982788	-81.3509245	-116.094272
5281380000	-81.4969312	-122.718921	-81.6412383	-123.844477
5281390000	-81.3837076	-121.201664	-82.1055883	-116.209442
5281400000	-80.4770814	-118.861636	-81.6851318	-121.69296
5281410000	-81.4461967	-120.449226	-80.9378808	-116.812556
5281420000	-81.7985173	-123.981314	-81.4225967	-119.704623
5281430000	-81.4575531	-119.463073	-81.2086522	-116.207049
5281440000	-80.6143876	-117.589717	-82.4630078	-118.721044
5281450000	-80.3393565	-121.536825	-80.8964918	-114.465892
5281460000	-81.2730672	-119.151591	-82.1540541	-121.786739
5281470000	-81.0057045	-126.753576	-80.9826048	-110.884253
5281480000	-80.5846277	-116.923158	-81.0825303	-110.679931
5281490000	-81.5822213	-120.935004	-81.0097875	-116.382902
5281500000	-80.9057473	-112.872697	-80.9578504	-113.333981
5281510000	-81.6539756	-121.737948	-81.256163	-118.870539
5281520000	-81.4464122	-120.825972	-81.0182454	-117.417934
5281530000	-80.981716	-115.560625	-81.1482397	-121.882569
5281540000	-81.1158888	-113.060007	-81.2116713	-114.626088
5281550000	-81.5060483	-116.613201	-80.3320349	-113.964999
5281560000	-81.3901542	-115.553577	-81.3989114	-112.153919
5281570000	-81.3323164	-115.46174	-80.7957823	-114.973313
5281580000	-80.7050769	-115.863856	-80.7702057	-109.738158
5281590000	-81.0006279	-119.341482	-80.7793996	-111.016268
5281600000	-81.3048075	-116.90081	-80.8926413	-118.042936
5281610000	-80.6875279	-114.984125	-81.0812447	-112.824222
5281620000	-80.8216892	-115.588339	-80.8888561	-111.488051
5281630000	-81.0783141	-121.68185	-80.9931738	-110.32347
5281640000	-80.8750741	-114.347956	-81.0997351	-113.312755
5281650000	-80.6496318	-113.756496	-80.7248058	-113.336447
5281660000	-81.016875	-114.68719	-81.3353508	-111.731675
5281670000	-80.597311	-111.519639	-79.9839583	-115.789999
5281680000	-81.2682476	-116.689178	-81.3784261	-109.47741
5281690000	-80.2898081	-116.893402	-80.7249374	-113.141924
5281700000	-80.9058749	-119.852176	-80.9587231	-113.376321
5281710000	-80.0951597	-116.046605	-80.8783471	-109.767901
5281720000	-81.1475703	-112.131322	-81.0994125	-108.90421
5281730000	-80.5052228	-114.553578	-81.0536439	-112.5232
5281740000	-80.9224731	-108.833204	-80.5949333	-113.998281
5281750000	-79.4719674	-111.140272	-80.7057301	-107.921542
5281760000	-80.7195661	-112.191626	-80.5114276	-108.01113
5281770000	-80.8915516	-121.490505	-80.3407132	-115.258101
5281780000	-80.9980599	-109.127318	-80.9373022	-108.784977
5281790000	-80.7933131	-112.995412	-79.5078651	-110.651896
5281800000	-80.399697	-114.401654	-80.3212363	-110.842412
5281810000	-80.8014695	-109.767422	-80.0761224	-109.558817
5281820000	-79.9332725	-103.748344	-79.8963187	-104.922884
5281830000	-80.6367002	-108.876289	-80.1464743	-111.734325
5281840000	-80.8865844	-110.698451	-80.4302642	-109.129562
5281850000	-79.8640223	-108.033828	-80.3831148	-106.703299
5281860000	-80.5259378	-111.701458	-80.6215966	-108.486881
5281870000	-80.2217144	-105.82894	-80.3995307	-106.848758
5281880000	-79.6818279	-107.84471	-80.0280101	-109.279843
5281890000	-79.6909246	-111.431586	-79.9599733	-105.7176
5281900000	-79.5719861	-114.091068	-79.4206729	-107.189353
5281910000	-80.2422223	-109.244855	-79.9902018	-101.8736
5281920000	-79.8763521	-102.849276	-79.3277391	-104.763423
5281930000	-81.0089563	-109.429391	-79.989344	-106.535441
5281940000	-80.130566	-107.393259	-80.1413092	-107.973587
5281950000	-80.4666539	-104.915142	-80.4771448	-108.814114
5281960000	-79.8937486	-114.34661	-79.5456271	-106.681159
5281970000	-80.0080412	-109.336479	-79.921394	-101.937534
5281980000	-79.4069362	-105.284331	-80.3413591	-104.500021
5281990000	-80.2479593	-105.999392	-79.7421706	-102.417576
5282000000	-79.724456	-105.16726	-79.4429286	-99.8915917
5282010000	-79.7038637	-103.314589	-79.4598225	-103.014608
5282020000	-79.2334934	-107.261676	-79.3760639	-105.910583
5282030000	-79.034831	-106.968372	-80.3533272	-98.0118994
5282040000	-79.6407825	-105.581229	-79.2452681	-105.982001
5282050000	-79.9919481	-106.443112	-79.8098335	-98.6553348
5282060000	-78.3971998	-106.96615	-79.3402645	-99.8035801
5282070000	-79.259492	-107.68966	-79.2065675	-102.347051
5282080000	-79.3956835	-109.59187	-79.6981851	-99.9476227
5282090000	-79.7391618	-101.940362	-79.9215396	-104.004868
5282100000	-79.6303223	-107.216552	-79.3071302	-101.474875
5282110000	-79.8449908	-105.507465	-79.892041	-102.549839
5282120000	-79.5210688	-105.878157	-79.6699892	-100.40272
5282130000	-79.3342425	-103.790856	-79.1203451	-98.2047829
5282140000	-79.7372293	-108.142576	-79.3603463	-107.144564
5282150000	-79.042425	-107.042468	-78.2600782	-103.195876
5282160000	-79.5131013	-103.341202	-78.9401355	-105.14181
5282170000	-79.0949521	-106.356368	-79.2956319	-103.710392
5282180000	-78.8062811	-106.025832	-79.1507683	-99.0717714
5282190000	-79.8531159	-106.726765	-78.9119325	-100.7079
5282200000	-78.7930274	-106.288756	-78.8090314	-103.606087
5282210000	-78.3984531	-101.657002	-78.9951415	-99.3972367
5282220000	-79.1229502	-98.9785825	-79.7711743	-99.9541683
5282230000	-79.1351293	-99.0498006	-78.690391	-98.2507138
5282240000	-79.2158405	-100.720104	-79.8396064	-100.588567
5282250000	-78.9914901	-105.828357	-79.1311336	-97.7409416
5282260000	-79.1931787	-101.449161	-78.6020228	-97.8689655
5282270000	-78.9253902	-105.197927	-78.7905674	-101.298938
5282280000	-79.1367827	-101.880351	-78.5824251	-98.1328546
5282290000	-78.4862809	-101.987056	-79.1631009	-98.3975742
5282300000	-78.5893901	-100.202646	-78.6195484	-97.522389
5282310000	-77.9957236	-102.721921	-78.7226849	-98.4891701
5282320000	-79.1568537	-100.92643	-78.1808174	-98.92425
5282330000	-78.6468469	-100.405476	-78.0119266	-100.702153
5282340000	-78.6703214	-103.684088	-78.231753	-98.7094777
5282350000	-78.4067549	-102.038189	-78.4638117	-93.9566381
5282360000	-78.9382897	-106.478076	-78.5418445	-98.48688
5282370000	-78.2907194	-97.8523277	-78.1573887	-96.031421
5282380000	-78.5213108	-97.1280151	-78.3677768	-96.5919525
5282390000	-78.1312033	-97.4445419	-78.7300247	-96.7213192
5282400000	-78.4343552	-98.7604366	-78.765483	-96.6130054
5282410000	-78.2879762	-101.346103	-78.955	-96.9197592
5282420000	-78.4999992	-100.257354	-78.2489139	-98.7513292
5282430000	-78.1615296	-95.6599827	-77.9802424	-94.3798134
5282440000	-77.8632917	-100.369775	-78.58287	-94.9637314
5282450000	-78.3591607	-97.4512289	-77.7026725	-94.9560519
5282460000	-78.1445439	-96.4475386	-78.0204719	-96.4501022
5282470000	-77.8998667	-98.9711748	-78.3483091	-96.9166627
5282480000	-77.4259507	-94.618015	-78.2628128	-92.6001346
5282490000	-77.8156974	-96.8218142	-78.1571545	-90.6521525
5282500000	-77.6058664	-97.0407406	-77.1815681	-94.2914402
5282510000	-77.4247779	-99.2442604	-78.074115	-95.0840288
5282520000	-77.9822374	-95.0661192	-77.5429805	-94.6470934
5282530000	-77.3163563	-94.534404	-77.1870193	-97.1745593
5282540000	-77.7641091	-96.2826378	-78.1956159	-93.4618622
5282550000	-77.6980045	-92.9288026	-77.4630057	-93.4317366
5282560000	-77.6718273	-93.9409194	-77.1835643	-87.741978
5282570000	-77.484604	-92.5159057	-77.1001659	-92.405765
5282580000	-77.1718928	-94.3127066	-77.4913176	-93.6827119
5282590000	-77.4537076	-96.0766602	-77.3829591	-91.0397648
5282600000	-77.0908669	-94.6097986	-77.1097523	-93.428418
5282610000	-77.2954731	-93.073916	-77.2322296	-94.7922238
5282620000	-77.4611032	-93.7478905	-76.5709397	-92.9033596
5282630000	-76.3556721	-95.1585966	-76.9793318	-91.4076416
5282640000	-77.3748934	-95.2350268	-77.2064249	-92.6706725
5282650000	-76.7132102	-97.2974584	-77.268608	-93.611485
5282660000	-76.8314946	-98.4979534	-76.9179883	-89.4298059
5282670000	-77.1669068	-95.345624	-76.6816425	-88.3667388
5282680000	-76.9010088	-95.4622921	-76.4817479	-89.6862283
5282690000	-76.6728852	-94.4747082	-77.0940488	-91.7398727
5282700000	-76.9429124	-93.3843834	-76.6840357	-91.5487203
5282710000	-76.7796024	-96.5299524	-77.114147	-94.4057765
5282720000	-77.0603448	-94.2360151	-76.7511372	-91.9819755
5282730000	-76.8859757	-93.1760589	-76.5383091	-91.3769441
5282740000	-76.9542901	-92.0945379	-77.2415105	-91.264872
5282750000	-77.1654452	-92.6500596	-76.8168393	-85.1585716
5282760000	-76.6085938	-91.0118641	-77.3894779	-89.5004557
5282770000	-76.6464421	-91.8454401	-76.769627	-86.5083872
5282780000	-76.1280616	-94.2388363	-76.2752461	-89.4439345
5282790000	-76.7519651	-93.5490083	-76.5951799	-92.179915
5282800000	-76.257675	-92.1124934	-76.3805033	-88.8846856
5282810000	-76.4726382	-91.4122566	-76.7050892	-87.5454129
5282820000	-76.2759753	-93.2257204	-76.637418	-91.0702209
5282830000	-76.3112606	-91.5078453	-76.3638506	-89.5462034
5282840000	-76.4928321	-90.7878927	-76.1513215	-86.8298714
5282850000	-76.2771093	-89.6812437	-76.2393416	-87.7942343
5282860000	-75.9710698	-90.413502	-75.9905776	-82.8120068
5282870000	-75.8190407	-91.0502771	-75.8894813	-87.4803305
5282880000	-76.3614913	-90.604767	-75.8854006	-84.5500719
5282890000	-76.1241316	-88.175122	-76.2582626	-89.1180194
5282900000	-76.2300267	-90.0558999	-76.209238	-89.4592441
5282910000	-75.9019383	-87.861051	-75.7546267	-86.0977749
5282920000	-75.6747667	-87.3988638	-75.7719832	-83.6945125
5282930000	-76.4886248	-89.9113663	-75.4670199	-86.776038
5282940000	-76.0203281	-86.1787619	-75.5076251	-86.4338458
5282950000	-75.9084196	-85.000822	-75.4264418	-82.6610081
5282960000	-75.3846158	-89.1097002	-75.8517949	-84.9218347
5282970000	-75.70269	-87.3670165	-75.3497548	-83.3514482
5282980000	-75.3175708	-88.0781647	-75.6362352	-82.5462064
5282990000	-74.8642669	-88.3065222	-75.4681081	-83.6991081
5283000000	-75.2188589	-84.9517651	-75.4056892	-86.6724345
5283010000	-75.0433871	-89.4579421	-75.3900725	-82.6071298
5283020000	-75.0551219	-87.6586896	-75.4514678	-83.8303808
5283030000	-75.1118168	-88.4671479	-75.3862867	-84.6264264
5283040000	-74.8520815	-84.0263769	-75.1675028	-82.8570599
5283050000	-75.4742304	-85.6040716	-74.9008851	-84.1543737
5283060000	-75.1923793	-87.1828279	-74.9850297	-81.8840659
5283070000	-74.8234593	-86.7658544	-75.1881489	-82.1040163
5283080000	-75.1516476	-86.6294383	-75.1997478	-84.249341
5283090000	-74.9873245	-83.6392057	-75.2000435	-82.5780529
5283100000	-74.6730256	-84.0940199	-75.0317186	-84.2899701
5283110000	-74.3315997	-83.546704	-74.7461837	-81.888966
5283120000	-75.1911889	-85.3182366	-74.7141386	-80.7227989
5283130000	-74.5874596	-84.502865	-75.0331843	-79.9414977
5283140000	-74.4179944	-83.9094675	-74.5863457	-81.766939
5283150000	-74.5846811	-83.4350593	-74.1230965	-80.8478917
5283160000	-74.3444692	-81.2904628	-74.6870779	-79.2625635
5283170000	-74.2876761	-84.1976245	-74.4824874	-82.6141712
5283180000	-74.3458883	-82.264714	-74.2290651	-80.7903169
5283190000	-74.8680034	-83.5245477	-74.9173545	-83.3379903
5283200000	-73.8741544	-84.9519946	-73.9411707	-79.8370955
5283210000	-74.0900249	-83.1413625	-74.2693331	-79.0277222
5283220000	-74.3270621	-83.1207856	-73.854101	-79.471713
5283230000	-73.8596599	-80.9814823	-74.1081902	-79.4853063
5283240000	-74.0619237	-83.9232756	-74.3591539	-80.0215579
5283250000	-73.949244	-81.0719838	-74.2980088	-79.438228
5283260000	-74.3595795	-81.5702701	-73.8514917	-76.2417158
5283270000	-74.4008673	-83.4573114	-73.6523271	-78.0730851
5283280000	-73.775474	-79.6512445	-73.8666983	-76.892153
5283290000	-73.7250461	-82.4459365	-73.7285583	-76.4701094
5283300000	-73.4590421	-82.1099237	-73.5680447	-78.2577273
5283310000	-73.8053685	-80.6036695	-73.7288468	-77.6075739
5283320000	-73.5360685	-80.1237066	-73.8165314	-77.552934
5283330000	-73.6782581	-80.6948529	-73.2465563	-76.9439241
5283340000	-73.4707386	-82.384709	-73.298896	-74.5770299
5283350000	-73.3264549	-80.1424082	-73.4202681	-74.9557381
5283360000	-72.9623845	-79.9341114	-73.1906975	-75.2553534
5283370000	-73.1820319	-79.4153843	-73.2247345	-76.5079222
5283380000	-73.5220798	-78.4970698	-73.0868495	-75.2974242
5283390000	-73.3262614	-76.3133284	-73.3462627	-77.1573686
5283400000	-72.8493086	-79.8057344	-72.7714581	-74.5052069
5283410000	-73.0998309	-77.1614471	-72.7362702	-75.8067669
5283420000	-72.8035583	-76.7265249	-72.844954	-72.9320958
5283430000	-72.4974006	-79.0480085	-72.7776057	-73.9211438
5283440000	-73.0864571	-78.598429	-72.6273637	-74.9738473
5283450000	-72.5904639	-75.0714257	-72.5582504	-76.9936073
5283460000	-72.413051	-78.0552308	-72.4081162	-73.6854888
5283470000	-72.5158171	-78.6191188	-72.5279674	-73.6205713
5283480000	-72.1556048	-78.037429	-72.209388	-73.2801895
5283490000	-72.1421463	-74.6914972	-72.3237764	-73.0819896
5283500000	-72.2204447	-73.9916504	-71.9852896	-73.4277301
5283510000	-71.9988325	-76.112231	-72.0471023	-73.1131403
5283520000	-72.2211368	-76.5910778	-72.3174719	-72.2324928
5283530000	-72.0725707	-77.1521181	-71.9867432	-73.6392738
5283540000	-71.855751	-75.1045772	-71.7134823	-74.1803826
5283550000	-71.7945523	-75.7916955	-71.6852642	-72.4053736
5283560000	-71.7831908	-74.6043888	-71.4980985	-70.9023848
5283570000	-71.9490249	-75.4959992	-71.6235589	-72.9900631
5283580000	-71.5824192	-75.6592715	-71.399675	-69.5426759
5283590000	-71.3858921	-72.8711296	-71.5052511	-71.921392
5283600000	-71.2616914	-74.6861075	-71.4765394	-71.1758674
5283610000	-71.3119262	-75.0359948	-71.3438578	-71.080702
5283620000	-71.4906882	-74.9395382	-71.2267092	-71.5630577
5283630000	-71.2044728	-72.5977488	-70.948387	-70.3051934
5283640000	-71.01108	-72.0940883	-70.9770544	-71.8023678
5283650000	-71.0475931	-73.102384	-70.8802081	-70.2171708
5283660000	-70.8172382	-74.4200957	-70.6304248	-69.6052947
5283670000	-70.9769918	-72.1848404	-70.5624701	-70.1724932
5283680000	-70.7513642	-72.8617686	-70.620278	-70.3160521
5283690000	-70.3254727	-72.646479	-70.4314458	-67.9328249
5283700000	-70.3747742	-71.0861784	-70.5204274	-69.6114047
5283710000	-70.4694235	-71.1214033	-70.4803796	-66.4974612
5283720000	-70.2729692	-70.981165	-70.1675031	-68.6207227
5283730000	-70.1973712	-71.3429856	-70.2444286	-66.5683473
5283740000	-70.1619244	-70.3712225	-70.2458598	-67.6418503
5283750000	-69.9105673	-69.1381946	-69.9634343	-66.449001
5283760000	-69.7978712	-70.9121498	-69.7862078	-68.2499047
5283770000	-69.6804571	-70.4140376	-69.6339804	-67.2041715
5283780000	-69.5584374	-69.8466175	-69.7279869	-66.8315153
5283790000	-69.5596493	-68.6721859	-69.4683609	-66.8731599
5283800000	-69.4016828	-68.0658029	-69.3490094	-66.1214999
5283810000	-69.6023013	-70.1295206	-69.3598201	-66.0156925
5283820000	-69.2266458	-68.9296367	-69.3038869	-66.6823851
5283830000	-69.0656078	-69.1413211	-69.0911758	-66.1130815
5283840000	-69.1429348	-67.0403989	-69.0539735	-65.776281
5283850000	-68.7692889	-68.2009126	-68.8782646	-64.5204931
5283860000	-68.7983314	-68.3312988	-68.7550291	-65.333305
5283870000	-68.5609116	-68.5351831	-68.6696602	-64.0784698
5283880000	-68.4491781	-66.4067455	-68.2566949	-62.9786771
5283890000	-68.3424528	-67.084233	-68.2444863	-64.2066446
5283900000	-68.07342	-67.5222511	-68.0715231	-64.7726153
5283910000	-68.1441159	-66.1160187	-68.3303161	-63.5578921
5283920000	-68.1229404	-65.7993198	-67.8729732	-63.3070283
5283930000	-67.8361586	-66.1665225	-67.89789	-63.2021696
5283940000	-67.6935701	-65.8653406	-67.7573965	-63.4348574
5283950000	-67.7620808	-65.7966481	-67.6225734	-62.9070419
5283960000	-67.7569628	-64.8344871	-67.4929038	-62.8921261
5283970000	-67.4272191	-65.0048752	-67.3749473	-62.1267783
5283980000	-67.2368396	-65.3352914	-66.8914617	-62.7080602
5283990000	-66.9756754	-65.2413899	-66.9093735	-61.7051119
5284000000	-66.7777888	-64.7298705	-66.8882251	-62.1961788
5284010000	-66.7677575	-63.7228167	-66.8166655	-61.3509437
5284020000	-66.6577981	-63.4103917	-66.4295483	-60.9088608
5284030000	-66.4943383	-64.1881476	-66.4247241	-60.0656648
5284040000	-66.2542974	-63.2262084	-66.2925623	-60.4635302
5284050000	-66.0697838	-63.0484466	-65.8780054	-60.253016
5284060000	-66.0193239	-62.7894234	-65.8358647	-59.5927772
5284070000	-65.7951879	-61.8745431	-65.8226604	-60.007049
5284080000	-65.7886182	-61.7802724	-65.6479756	-59.8191089
5284090000	-65.4882259	-61.4963533	-65.2792668	-59.0604133
5284100000	-65.1511539	-61.4051507	-65.331109	-58.8618135
5284110000	-65.0546132	-61.0521647	-65.1332283	-58.0202844
5284120000	-65.0706319	-61.5567074	-64.9014705	-58.3057431
5284130000	-64.8311669	-60.9503009	-64.6221768	-57.6315827
5284140000	-64.612241	-61.0106697	-64.5222527	-57.8816767
5284150000	-64.342684	-59.8343402	-64.3316687	-56.4812273
5284160000	-64.2061056	-59.0720236	-64.1181853	-56.8921042
5284170000	-64.0156209	-59.2650022	-63.9613091	-56.0438928
5284180000	-63.7405356	-59.2399392	-63.7773939	-56.0679219
5284190000	-63.62205	-58.4289818	-63.6166078	-56.2305232
5284200000	-63.4410251	-58.7237658	-63.3894534	-54.8910134
5284210000	-63.181337	-57.6184417	-63.0565452	-54.4311955
5284220000	-62.9698602	-57.0803479	-62.8949291	-54.0342138
5284230000	-62.7352367	-57.5090688	-62.6421874	-54.1948133
5284240000	-62.5212637	-57.1469458	-62.4049557	-54.3013363
5284250000	-62.2944045	-56.4939594	-62.2234735	-53.4738463
5284260000	-61.9643721	-55.1572083	-61.8717397	-53.0346368
5284270000	-61.7612194	-56.1892724	-61.6532569	-52.2184605
5284280000	-61.5452601	-55.5179597	-61.3049729	-52.0807451
5284290000	-61.2312125	-54.8945961	-61.1353041	-51.6269908
5284300000	-60.9400543	-54.7559598	-60.8992024	-50.7503716
5284310000	-60.6053185	-54.1759054	-60.4567837	-50.8895743
5284320000	-60.2918445	-53.4736112	-60.1502781	-50.5562355
5284330000	-60.0379552	-53.4190667	-59.8606166	-49.1800845
5284340000	-59.7234091	-52.6859159	-59.501113	-49.7755165
5284350000	-59.4055436	-51.8369665	-59.1566911	-48.7410945
5284360000	-58.9913725	-50.974509	-58.9289509	-48.0882424
5284370000	-58.6396565	-50.9220897	-58.4904045	-47.5216736
5284380000	-58.3184332	-50.0862905	-58.1381525	-47.0588308
5284390000	-57.8711406	-49.8384197	-57.6757751	-46.2600743
5284400000	-57.4408003	-48.7080366	-57.2758568	-45.5362547
5284410000	-57.0248999	-48.2336644	-56.7879803	-44.5652044
5284420000	-56.6009975	-47.2436157	-56.3340804	-44.2588594
5284430000	-56.1052457	-46.5133415	-55.8755552	-43.3466439
5284440000	-55.5554218	-45.5960159	-55.308639	-41.9062392
5284450000	-55.0411386	-44.4936655	-54.7823181	-40.782447
5284460000	-54.4341209	-43.433774	-54.2412236	-39.3855742
5284470000	-53.8645341	-41.8959869	-53.550735	-38.1523353
5284480000	-53.2190006	-40.553467	-52.892784	-36.7813988
5284490000	-52.5047249	-38.8679093	-52.1541618	-34.8012921
5284500000	-51.7162944	-36.9963812	-51.3722203	-32.9197151
5284510000	-50.8991425	-34.5946632	-50.5646032	-30.3749757
5284520000	-50.0153058	-31.8360513	-49.6184695	-27.372573
5284530000	-49.0450077	-28.2933959	-48.6241962	-23.7964086
5284540000	-47.9795848	-24.2473436	-47.5627729	-19.4877258
5284550000	-46.849377	-19.1434972	-46.3799375	-13.5631799
5284560000	-45.6321384	-12.1276601	-45.1461098	-5.72662511
5284570000	-44.446044	-3.4518373	-43.9767475	4.21458231
5284580000	-43.3303301	8.39478823	-43.026232	16.4613934
5284590000	-42.5766498	22.7924162	-42.4319339	32.0014519
5284600000	-42.3931214	38.91452	-42.5004305	47.6622844
5284610000	-42.8583021	54.2375403	-43.1425365	62.0430043
5284620000	-43.7763556	67.0458201	-44.197242	74.1124525
5284630000	-44.9133399	77.1522946	-45.3892384	83.4363531
5284640000	-46.1120413	84.9335304	-46.5879138	90.4910579
5284650000	-47.3026896	90.9179116	-47.7412776	95.8099108
5284660000	-48.3990504	95.7614883	-48.8105563	100.361046
5284670000	-49.4045623	99.4173548	-49.8671404	103.724259
5284680000	-50.3451434	102.161301	-50.6939117	106.444707
5284690000	-51.1857191	104.871926	-51.5796123	108.623396
5284700000	-51.9832017	106.789427	-52.2869499	110.782368
5284710000	-52.6899298	108.777355	-53.0829523	112.517113
5284720000	-53.4176984	110.29703	-53.7383299	114.068807
5284730000	-54.0613731	111.772601	-54.2911622	115.349859
5284740000	-54.6797206	112.985498	-54.9084422	116.320951
5284750000	-55.1874429	114.27207	-55.4256454	117.752767
5284760000	-55.6841169	115.202394	-55.9801675	118.190911
5284770000	-56.2285061	116.021884	-56.4358477	119.452655
5284780000	-56.7014064	116.479833	-56.9770589	120.079223
5284790000	-57.1630118	117.640964	-57.2911952	120.899154
5284800000	-57.5752709	118.390649	-57.8266444	121.665437
5284810000	-57.9907586	119.149152	-58.1700308	122.191816
5284820000	-58.3703383	119.420297	-58.5832968	123.558247
5284830000	-58.7385657	120.32698	-58.888524	123.203711
5284840000	-59.0694982	120.89109	-59.2725214	124.18417
5284850000	-59.4711987	121.278187	-59.6076227	124.263533
5284860000	-59.6919466	122.199595	-59.9690459	125.420921
5284870000	-60.1092096	122.434952	-60.1666798	124.90887
5284880000	-60.4077818	122.632375	-60.5638973	126.001775
5284890000	-60.788495	123.353075	-60.8315199	126.169677
5284900000	-60.96657	123.90441	-61.1775986	126.455756
5284910000	-61.2357003	124.147293	-61.3281131	127.61197
5284920000	-61.5029639	124.380405	-61.7375385	127.792054
5284930000	-61.7743993	125.290428	-61.8947861	127.897667
5284940000	-62.0773861	125.880177	-62.1502282	128.271297
5284950000	-62.3144052	125.522096	-62.488371	128.716396
5284960000	-62.522368	126.640756	-62.6594318	128.591151
5284970000	-62.8753559	126.954842	-63.0015431	129.259122
5284980000	-62.9352799	127.447964	-63.0877494	129.298211
5284990000	-63.2525705	127.249535	-63.3709421	130.1812
5285000000	-63.3909476	127.268304	-63.545677	131.070955
5285010000	-63.7110251	127.216682	-63.7937709	131.269914
5285020000	-63.8375137	127.882734	-63.9217803	131.262117
5285030000	-63.9751373	128.687594	-64.1876675	131.466962
5285040000	-64.3239223	128.037719	-64.3884392	131.558979
5285050000	-64.5004029	129.909876	-64.4860886	132.372344
5285060000	-64.5682157	129.821016	-64.7865661	132.197796
5285070000	-64.768953	129.388421	-64.9419936	131.827767
5285080000	-64.9259183	129.523153	-65.0465302	133.006236
5285090000	-65.0470895	130.642902	-65.0635723	132.794689
5285100000	-65.2542246	130.734181	-65.5614875	134.135993
5285110000	-65.4737976	130.950343	-65.6297227	133.759542
5285120000	-65.6422485	132.018261	-65.8724669	134.428347
5285130000	-65.9698904	131.183571	-65.8448399	134.959841
5285140000	-66.1517305	131.807679	-66.1528471	134.550988
5285150000	-66.115186	130.860419	-66.2451001	134.953563
5285160000	-66.210733	132.267872	-66.3954468	135.325018
5285170000	-66.474242	132.98761	-66.6319855	135.19658
5285180000	-66.6833753	133.300544	-66.8000543	136.884666
5285190000	-66.845016	132.205814	-66.73559	136.284969
5285200000	-66.9883191	134.11392	-67.007032	137.024736
5285210000	-67.1172523	132.584765	-67.076864	136.39577
5285220000	-67.0674502	133.122097	-67.299781	137.291193
5285230000	-67.4793607	133.983162	-67.4927865	137.799785
5285240000	-67.2615548	134.324912	-67.5636435	136.177947
5285250000	-67.5865718	135.430089	-67.6790399	137.308507
5285260000	-67.7492114	133.460386	-67.8019645	137.801469
5285270000	-67.6783619	135.906943	-67.9929169	138.530449
5285280000	-67.9398708	135.581746	-68.2008717	137.978285
5285290000	-68.3108891	136.28222	-68.1348943	139.185833
5285300000	-68.3402011	135.684892	-68.4489286	137.974474
5285310000	-68.5874451	135.616335	-68.3657525	139.130815
5285320000	-68.6492748	137.336904	-68.4771821	137.655396
5285330000	-68.6634662	137.430762	-68.7315559	140.335642
5285340000	-68.6365708	138.564263	-68.805592	139.627062
5285350000	-68.7570569	136.867104	-68.9223988	142.058321
5285360000	-68.8980672	137.394316	-68.9581815	142.139187
5285370000	-69.0728684	138.241086	-69.2637956	140.37222
5285380000	-69.0869061	137.146228	-69.4528033	142.158308
5285390000	-69.3663721	138.278172	-69.396863	141.283489
5285400000	-69.4530265	139.050148	-69.5711662	141.473411
5285410000	-69.4040402	139.39606	-69.5989928	141.308131
5285420000	-69.6429315	138.522604	-69.7822429	141.894941
5285430000	-69.7697316	139.248339	-69.8706014	143.889589
5285440000	-69.9025288	139.679009	-69.8861694	142.432956
5285450000	-69.8448881	139.366826	-70.130551	144.08255
5285460000	-69.8558087	141.037522	-70.3679349	143.949709
5285470000	-69.9977784	139.914224	-70.1929816	142.727177
5285480000	-70.4520239	141.21442	-70.4174613	144.931863
5285490000	-70.4668773	139.404443	-70.3024082	143.75008
5285500000	-70.6125227	139.630676	-70.5108939	142.258417
5285510000	-70.4650644	139.812799	-70.4643077	144.581453
5285520000	-70.5997917	140.119323	-70.6406399	143.63154
5285530000	-70.8943275	140.601199	-70.6107372	144.554206
5285540000	-70.7080588	141.945594	-70.8349947	146.550052
5285550000	-70.8410629	143.060376	-71.0395429	144.53825
5285560000	-70.7055687	140.740039	-70.8569472	146.285464
5285570000	-70.9336398	140.118569	-71.2012171	145.791595
5285580000	-70.9866212	142.73751	-71.14595	146.158322
5285590000	-71.2712841	140.285294	-71.4282344	146.474995
5285600000	-71.5265107	144.381022	-71.4679852	146.402934
5285610000	-71.6849458	143.871939	-71.3676926	147.748555
5285620000	-71.7581699	143.708554	-71.7169136	146.942754
5285630000	-71.6136449	144.853469	-71.6673036	147.548602
5285640000	-71.9882187	144.290891	-71.6166145	146.680582
5285650000	-71.9336533	143.376517	-71.7935061	148.66736
5285660000	-72.3220922	144.583017	-72.082353	148.606699
5285670000	-71.9579076	145.444535	-71.858517	148.128268
5285680000	-72.1374746	144.916917	-71.9940721	145.930811
5285690000	-72.0549827	145.36095	-72.0415783	148.102105
5285700000	-72.0060277	145.066615	-72.0867589	149.728445
5285710000	-72.1437597	146.496475	-72.4008285	147.670971
5285720000	-72.6516207	146.342876	-72.3993666	149.567256
5285730000	-72.2555733	146.307644	-72.2088092	146.920521
5285740000	-72.5278827	145.366767	-72.2647252	151.062476
5285750000	-72.7029834	147.107552	-72.4093932	150.519371
5285760000	-72.7768983	145.972774	-72.8592536	150.619069
5285770000	-72.618353	148.044713	-72.9055903	150.130124
5285780000	-72.7778505	142.881045	-72.7598416	150.114964
5285790000	-72.7446257	148.10492	-72.979906	152.218843
5285800000	-73.1552351	147.398153	-73.1012538	152.097065
5285810000	-73.0926243	147.979106	-73.2933735	151.081128
5285820000	-73.0002075	151.195823	-73.3227515	149.951171
5285830000	-73.3015603	148.825173	-73.3496858	148.92081
5285840000	-73.0150567	150.302934	-73.2181417	151.795423
5285850000	-73.1772386	148.366653	-73.3940282	152.752524
5285860000	-73.1182836	148.200744	-73.6936625	148.540726
5285870000	-73.28444	149.848481	-73.674513	150.746038
5285880000	-73.6215991	149.463367	-73.6528786	152.745279
5285890000	-73.5830152	151.41219	-73.4982521	152.810078
5285900000	-73.6318312	150.887702	-73.5215369	153.015478
5285910000	-73.5812924	148.767178	-73.2771623	151.118635
5285920000	-73.6152386	150.46443	-73.6435912	154.400835
5285930000	-73.7638923	150.911958	-74.0389675	152.907149
5285940000	-73.7102812	150.208007	-74.0402536	154.898826
5285950000	-74.0703753	148.791431	-73.8467434	154.475491
5285960000	-73.586339	153.54016	-73.934583	154.066315
5285970000	-74.1705837	149.534967	-74.4417994	153.503352
5285980000	-74.2840548	153.043746	-74.2019544	152.018646
5285990000	-74.3127251	152.136867	-73.9502643	155.077178
5286000000	-74.2163328	151.22111	-74.4793005	152.712146
5286010000	-74.302471	151.970016	-74.2854277	157.019798
5286020000	-74.4146695	153.062767	-74.6932938	154.838128
5286030000	-74.5173147	152.814332	-74.5128789	155.804101
5286040000	-74.5872539	152.868116	-74.6199366	154.928471
5286050000	-75.0536006	156.655996	-74.4435318	157.514958
5286060000	-74.667294	152.754117	-75.0918971	156.699638
5286070000	-74.9109832	153.616067	-74.7423774	157.667216
5286080000	-74.394165	157.206235	-74.8621345	157.162951
5286090000	-75.0256912	153.101369	-75.0813747	159.658894
5286100000	-74.6673225	156.216243	-75.0512187	158.280437
5286110000	-74.7753163	156.160296	-74.9410074	160.718399
5286120000	-74.6988644	156.485888	-75.0018468	156.875274
5286130000	-75.2696848	154.590489	-74.9823262	158.994284
5286140000	-75.4338065	156.870977	-75.1539789	161.373485
5286150000	-75.1013374	154.16954	-75.0637577	161.997671
5286160000	-75.2724966	155.786768	-75.2416266	159.262098
5286170000	-75.2736646	157.132042	-75.1050189	160.260868
5286180000	-75.1271659	154.688606	-75.4870362	160.419264
5286190000	-75.4999382	158.028297	-75.2926816	160.358588
5286200000	-75.3148367	156.775795	-75.449971	158.287962
5286210000	-75.6717912	156.288446	-75.5443287	158.957339
5286220000	-75.6019921	158.111923	-75.4471021	160.450006
5286230000	-75.7587811	157.639242	-75.6883637	160.32512
5286240000	-75.2839615	159.682779	-75.5392197	161.061633
5286250000	-75.3073321	160.363336	-75.8354583	160.177787
5286260000	-76.0500829	159.9169	-75.8186268	160.841093
5286270000	-75.3523521	156.019388	-75.7393258	161.273308
5286280000	-76.0672087	156.109931	-76.1318926	158.177704
5286290000	-76.0593188	158.613398	-75.8346179	163.991561
5286300000	-76.2990038	157.726175	-76.084743	160.142879
5286310000	-76.493298	158.267059	-75.8628539	163.148664
5286320000	-75.9213822	160.387693	-75.8898223	161.658101
5286330000	-75.8730017	160.215054	-76.3724713	161.109153
5286340000	-75.6300237	161.179439	-76.6395865	162.963384
5286350000	-76.2512159	161.310488	-76.2293448	164.396044
5286360000	-75.918045	161.894625	-76.3998288	162.480837
5286370000	-76.117541	157.907786	-76.0461822	164.368847
5286380000	-75.925822	160.90003	-75.7532912	164.170653
5286390000	-76.7807416	160.772721	-76.2390528	166.202339
5286400000	-76.3064217	165.845097	-75.8383437	162.061204
5286410000	-76.3559333	159.729206	-76.0973873	161.870799
5286420000	-76.714293	160.44237	-76.2776542	165.439175
5286430000	-76.5247959	161.882958	-76.5428337	165.698316
5286440000	-77.0361301	167.117924	-76.3492951	163.640055
5286450000	-76.8569914	160.693967	-76.7613799	162.637601
5286460000	-76.5376112	161.614587	-76.8835558	168.225746
5286470000	-76.4890065	160.297374	-76.840582	160.575655
5286480000	-76.5979857	161.945497	-77.1068928	168.871135
5286490000	-76.689009	162.048164	-76.6237152	167.750397
5286500000	-77.0359336	162.885763	-76.6441453	168.210671
5286510000	-77.3511879	161.655727	-76.5407299	167.183372
5286520000	-77.0190656	164.236857	-76.807604	169.938586
5286530000	-77.7231711	166.85624	-77.0930552	166.475532
5286540000	-77.0176159	161.487815	-76.7021974	165.881962
5286550000	-77.3747408	163.602724	-76.7559248	161.041216
5286560000	-77.7021898	165.606084	-77.2019147	168.950124
5286570000	-77.2695666	168.217802	-77.4984606	168.391457
5286580000	-77.0083381	164.207942	-77.5316143	164.730123
5286590000	-77.4344046	166.802816	-77.6623776	168.64891
5286600000	-77.3978125	164.268419	-77.6040569	169.337443
5286610000	-77.1362496	164.234798	-77.2491713	171.886852
5286620000	-77.5525266	167.281844	-77.0651142	170.000805
5286630000	-77.3123289	168.702356	-77.450417	168.67152
5286640000	-77.6335092	165.334426	-78.3181419	171.758483
5286650000	-77.8088606	163.939922	-77.2858517	170.90139
5286660000	-76.9363341	165.926155	-77.5076041	169.635995
5286670000	-77.1879235	166.925046	-77.8071017	169.572002
5286680000	-77.1936131	166.208172	-77.3223188	170.864859
5286690000	-77.2934337	166.939548	-78.4038813	170.677704
5286700000	-77.9553245	168.501808	-77.4434729	174.626858
5286710000	-78.2765032	170.37598	-77.6634871	170.734425
5286720000	-78.0118266	166.379072	-77.5815318	171.790538
5286730000	-78.4462409	167.764243	-77.6768025	171.736899
5286740000	-77.4675218	165.567284	-78.4170825	171.503925
5286750000	-78.462081	169.685156	-78.0939391	171.004646
5286760000	-77.454021	169.168337	-77.6170866	174.106225
5286770000	-77.8561788	171.819769	-78.479138	170.38466
5286780000	-79.0489581	171.711288	-77.5272935	168.237182
5286790000	-78.0576295	166.227129	-78.6766755	170.156334
5286800000	-78.0709553	176.012252	-78.6344932	172.084161
5286810000	-77.9113191	170.112459	-77.9979735	171.252425
5286820000	-78.8288195	168.671703	-78.8654802	171.657203
5286830000	-78.9322247	168.031986	-78.4915532	174.570944
5286840000	-77.8993696	172.900043	-77.9332042	174.486883
5286850000	-78.6881367	170.228653	-78.3147319	179.890901
5286860000	-78.5442092	169.975648	-78.3851667	172.199673
5286870000	-77.949624	169.082948	-78.5356205	173.416006
5286880000	-79.02671	174.25954	-78.3746532	169.172314
5286890000	-78.1999478	173.544511	-78.4833541	172.320392
5286900000	-78.5422393	171.077457	-78.0633536	172.753297
5286910000	-78.5367727	170.835257	-78.5939497	172.817192
5286920000	-78.1793666	169.752731	-78.9075093	171.756853
5286930000	-78.6961077	171.061581	-78.2826064	172.564724
5286940000	-78.8475835	174.582355	-79.0834996	174.005425
5286950000	-79.0739948	168.942323	-79.2251932	175.699521
5286960000	-78.2800698	173.286706	-79.0996052	177.287701
5286970000	-79.0381731	173.275745	-79.2552987	-179.881394
5286980000	-78.8323294	172.823566	-78.7352195	178.381185
5286990000	-78.7325757	167.39841	-78.1585819	178.26903
5287000000	-78.7637773	164.885619	-78.509702	174.11214
5287010000	-79.3304061	170.636303	-78.9504275	179.150902
5287020000	-78.2061135	176.766637	-78.5988588	176.463418
5287030000	-78.5079495	174.232626	-78.7560017	176.499042
5287040000	-79.8319551	177.222398	-79.2245077	175.70218
5287050000	-78.9202517	175.761358	-79.2579496	177.785478
5287060000	-79.3670252	175.801156	-78.9377947	175.411991
5287070000	-79.352737	177.879082	-78.7708467	179.811036
5287080000	-79.0431953	174.101673	-79.2573078	177.499857
5287090000	-79.1095818	177.582567	-79.1287681	-179.346546
5287100000	-79.2950048	178.201757	-80.3467983	-179.649546
5287110000	-79.1839076	173.799314	-79.4282012	-178.110578
5287120000	-78.9005065	174.101582	-79.0920984	-176.280532
5287130000	-79.3749571	171.452611	-79.9013297	-179.330601
5287140000	-79.8369741	179.052952	-79.2222191	-176.434249
5287150000	-80.1331537	175.42831	-79.4774468	-177.62533
5287160000	-79.4444307	172.246441	-79.3439235	-177.109462
5287170000	-79.3519093	174.483768	-79.1689014	-175.723193
5287180000	-79.0562776	-179.855697	-79.5239748	-179.753068
5287190000	-79.5371288	175.808097	-79.4105842	-178.496844
5287200000	-79.8019603	-178.675783	-79.4000744	177.21344
5287210000	-79.1473726	176.470717	-79.3315183	-177.355933
5287220000	-79.9442335	177.514874	-79.1052258	-178.160351
5287230000	-79.4839897	-179.719293	-79.8027744	-177.507574
5287240000	-79.2157127	176.117661	-79.9544185	-176.210639
5287250000	-80.5988951	179.947863	-79.6601867	-177.394232
5287260000	-79.6284359	178.49487	-79.8808335	179.803246
5287270000	-80.1631549	179.099997	-79.4222575	-177.352478
5287280000	-80.2420382	178.950229	-78.5362946	-177.748686
5287290000	-80.2071477	-176.929508	-79.8283522	-176.243881
5287300000	-79.9767132	179.208545	-81.3483397	-175.401562
5287310000	-79.8075917	-175.889224	-80.08039	-176.564521
5287320000	-80.0076863	-179.862066	-80.3283154	-177.288454
5287330000	-80.4151817	179.609259	-79.7885387	-176.366499
5287340000	-80.4993668	-179.224884	-79.196295	-177.764851
5287350000	-80.1569558	-175.517081	-79.8535375	-171.888548
5287360000	-80.1284053	176.89886	-79.2273258	-176.937596
5287370000	-80.1231742	-178.388558	-80.0418146	-176.344975
5287380000	-80.3725063	-170.886288	-80.041209	-175.133605
5287390000	-80.6513188	-174.692311	-79.5419986	-171.333679
5287400000	-80.4443942	-175.658272	-80.0603876	-172.870614
5287410000	-80.9262415	179.995373	-79.9534724	-173.7811
5287420000	-79.9618451	-179.942766	-81.2120566	-174.139737
5287430000	-80.0515851	-174.084226	-79.9287028	-177.953251
5287440000	-81.0783416	-179.071866	-80.0417554	-174.548447
5287450000	-80.5191799	-177.656012	-80.1038923	-169.298769
5287460000	-80.8736446	-174.809763	-80.3123054	-176.053033
5287470000	-81.0465523	-177.273168	-80.288938	-174.211567
5287480000	-80.551922	-177.604787	-80.138317	-174.862283
5287490000	-80.8199514	-173.505356	-80.7094713	-171.37931
5287500000	-80.2654754	-175.068064	-80.0423886	-176.095267
5287510000	-80.7168842	-173.184738	-80.4488526	-170.190809
5287520000	-80.4936166	-175.198053	-79.466067	-168.904611
5287530000	-80.6246455	-177.307284	-80.648697	-171.018309
5287540000	-81.0324834	-174.168144	-80.7706437	-167.971737
5287550000	-80.7965307	-173.933915	-81.1163774	-165.048177
5287560000	-80.7435387	-172.552843	-80.6907221	-170.112792
5287570000	-80.0900129	-176.229495	-80.2819402	-176.100529
5287580000	-81.6257617	-172.02187	-80.6243412	-166.686193
5287590000	-81.5084083	-174.684529	-81.2163404	-174.10858
5287600000	-81.0649971	-178.614236	-80.7421341	-169.61382
5287610000	-80.3972181	-178.343069	-81.1884613	-169.801876
5287620000	-81.5305159	-171.5023	-81.0056624	-168.768945
5287630000	-80.6599938	-169.927705	-80.6356991	-168.321211
5287640000	-80.4378308	-170.68446	-80.7082729	-173.870117
5287650000	-81.2651461	-178.54588	-81.3534645	-171.156694
5287660000	-80.7299597	-170.170145	-80.9324886	-170.547523
5287670000	-81.8003391	-173.359945	-80.2171098	-172.760863
5287680000	-80.8711783	-171.742758	-81.4027601	-171.932165
5287690000	-81.3257763	-171.251593	-80.5967197	-167.538555
5287700000	-80.8318828	-170.817578	-80.9776987	-171.504037
5287710000	-81.2136865	-167.271873	-81.4404148	-165.443553
5287720000	-82.2062218	-167.84735	-82.1052812	-171.855872
5287730000	-81.4111536	-170.188774	-80.5846438	-168.734433
5287740000	-80.6052543	-170.889837	-81.9846944	-158.919432
5287750000	-81.2130824	-177.779291	-81.2547685	-169.937499
5287760000	-81.470065	-172.158479	-81.718933	-165.629428
5287770000	-81.5077666	-165.217382	-81.1240416	-168.144344
5287780000	-81.2183077	-167.203871	-82.0541237	-168.595391
5287790000	-81.5050336	-167.401255	-80.8431052	-169.290152
5287800000	-81.1914721	-170.44021	-80.3971329	-164.168956
5287810000	-80.4128268	-170.579572	-81.8217593	-167.745131
5287820000	-81.0653328	-176.865503	-81.5461116	-158.930302
5287830000	-81.6099634	-168.686334	-80.9151584	-166.319246
5287840000	-82.5497188	-167.152813	-81.7211776	-168.40997
5287850000	-81.0986969	-172.937253	-81.656898	-163.198295
5287860000	-81.1103531	-171.425898	-81.0679588	-169.967909
5287870000	-81.3093053	-162.449805	-81.1074922	-160.070349
5287880000	-81.1644674	-168.805858	-82.1726583	-162.699644
5287890000	-81.1485952	-165.778972	-81.696942	-159.687251
5287900000	-81.4901639	-167.987968	-81.249699	-171.372859
5287910000	-81.3641334	-173.931843	-82.4099587	-162.902679
5287920000	-81.7116783	-168.390439	-81.335006	-165.625694
5287930000	-81.6954506	-169.885225	-81.9370157	-165.065007
5287940000	-81.1925478	-165.71396	-82.047648	-163.475411
5287950000	-82.1319565	-157.834221	-81.7720733	-160.403988
5287960000	-81.7710867	-165.318497	-81.001468	-166.766565
5287970000	-82.3245113	-164.331294	-82.3960345	-167.128084
5287980000	-81.8428748	-168.34665	-83.013188	-164.492382
5287990000	-80.4748067	-164.466144	-81.5224663	-157.511896
5288000000	-81.8276782	-169.97315	-82.0806664	-162.010283
5288010000	-81.965173	-163.682282	-82.2263101	-157.324876
5288020000	-81.8820534	-159.325262	-80.9327063	-160.25471
5288030000	-82.2218279	-163.632866	-82.5801575	-157.765617
5288040000	-81.2994169	-166.545354	-82.6928829	-166.100594
5288050000	-82.1878245	-168.653205	-82.4199606	-163.541647
5288060000	-82.3073966	-160.220804	-82.2226923	-161.300009
5288070000	-82.31334	-159.713066	-81.7997327	-156.550413
5288080000	-83.0788544	-165.45473	-81.7220485	-157.439159
5288090000	-82.006109	-159.765367	-82.1344263	-160.608311
5288100000	-82.1863994	-160.036318	-81.9243518	-161.263166
5288110000	-81.4957268	-167.489863	-82.7473875	-153.293835
5288120000	-81.6324367	-158.922993	-81.9460852	-163.163371
5288130000	-81.3819505	-164.582731	-82.1449139	-159.269477
5288140000	-82.7532351	-162.906236	-81.4270571	-155.849578
5288150000	-81.550868	-164.911606	-82.7719759	-156.603786
5288160000	-82.6491861	-163.409856	-82.4598885	-159.008498
5288170000	-82.5107695	-164.263127	-82.1801635	-164.955192
5288180000	-82.0582757	-162.598844	-81.6077614	-161.135362
5288190000	-82.6813494	-163.737678	-82.5838691	-151.583733
5288200000	-82.9225407	-161.575531	-82.0306592	-156.650037
5288210000	-82.8825344	-165.951929	-82.7742654	-159.056816
5288220000	-82.0319985	-163.76008	-82.231252	-158.408228
5288230000	-83.1165233	-161.440434	-82.3790905	-159.626734
5288240000	-82.2678564	-160.435146	-81.3622451	-157.864314
5288250000	-82.4237929	-148.939384	-82.1764004	-164.463498
5288260000	-82.393092	-158.066681	-83.1131565	-150.460366
5288270000	-81.9822372	-161.300119	-81.9359979	-158.625472
5288280000	-83.3396572	-153.199938	-82.7021966	-150.797676
5288290000	-82.6681277	-152.281321	-81.6550774	-157.944893
5288300000	-81.8803317	-157.709635	-83.2968553	-158.945259
5288310000	-82.6501597	-156.401539	-82.3684921	-158.435463
5288320000	-82.7746959	-155.307756	-82.9166189	-156.41036
5288330000	-82.9376654	-157.381753	-82.8432799	-161.083523
5288340000	-82.7230179	-153.436134	-82.2334874	-148.584891
5288350000	-82.9095315	-154.43331	-82.3665357	-147.88132
5288360000	-83.2595536	-152.493541	-82.2483415	-158.324053
5288370000	-82.3354235	-161.06633	-82.0879702	-144.552241
5288380000	-82.1192427	-154.178569	-83.1742876	-146.124937
5288390000	-83.449444	-157.105902	-81.5682577	-152.509502
5288400000	-83.0026639	-153.934221	-83.1484119	-147.240519
5288410000	-82.2929292	-160.906979	-83.3594021	-148.764865
5288420000	-83.4555711	-150.241006	-82.3055874	-151.668224
5288430000	-83.7998137	-150.482326	-82.1289165	-154.436451
5288440000	-82.4723214	-154.254576	-81.7915892	-152.457775
5288450000	-84.4622685	-159.364369	-83.7365439	-145.2872
5288460000	-83.0733259	-155.038033	-81.9950873	-146.501733
5288470000	-84.2969575	-153.235178	-82.9768524	-154.218232
5288480000	-82.9707914	-151.06524	-82.7783096	-149.633733
5288490000	-82.8172752	-150.903236	-82.6961558	-146.504726
5288500000	-82.6815739	-153.216634	-83.33508	-152.128825
5288510000	-83.1601643	-149.302643	-83.2445909	-153.210501
5288520000	-83.5445381	-155.129735	-83.255455	-146.74906
5288530000	-83.9810399	-146.145364	-83.3863474	-149.933751
5288540000	-83.136763	-154.049479	-82.9022822	-146.319335
5288550000	-83.2428082	-156.70831	-83.2709189	-146.147773
5288560000	-84.3025141	-150.860369	-83.4364626	-147.065882
5288570000	-82.7136705	-161.122704	-82.5469929	-150.001851
5288580000	-83.0719487	-150.685526	-84.1029316	-146.917936
5288590000	-82.6573237	-149.803265	-82.9947462	-146.853218
5288600000	-82.4714674	-154.678593	-84.1019553	-149.862036
5288610000	-83.5303554	-144.792314	-83.1710332	-142.178304
5288620000	-83.1491278	-154.969012	-84.5118376	-151.826669
5288630000	-83.1156295	-148.613872	-83.3931333	-151.691572
5288640000	-82.8253631	-152.669318	-83.4581069	-149.911662
5288650000	-82.9210822	-151.427074	-81.8261346	-151.254416
5288660000	-83.3289854	-147.713077	-83.2640459	-145.190078
5288670000	-83.7997614	-148.013502	-83.7353828	-142.918773
5288680000	-82.2410264	-157.11607	-82.6637117	-132.880983
5288690000	-83.9847215	-150.076695	-84.6275618	-140.441206
5288700000	-82.7771709	-148.606699	-82.6893151	-146.36677
5288710000	-83.2000427	-148.020662	-83.911246	-142.986199
5288720000	-83.4612024	-146.624549	-83.1004271	-150.060287
5288730000	-83.3729478	-146.143179	-83.9647955	-143.803638
5288740000	-83.7676218	-141.203687	-83.2520192	-140.196879
5288750000	-83.7713162	-152.472283	-83.1936054	-144.074765
5288760000	-82.5299591	-148.567961	-82.5794351	-145.221882
5288770000	-83.2368113	-153.940523	-83.2827871	-142.742567
5288780000	-83.1061949	-150.526815	-83.7328821	-148.379528
5288790000	-83.5595415	-140.156914	-82.7831451	-143.675405
5288800000	-83.791428	-145.672643	-83.1632432	-139.560878
5288810000	-83.7592667	-158.862082	-83.395537	-142.560939
5288820000	-84.5869212	-153.335898	-82.550057	-138.611076
5288830000	-83.8889427	-145.427037	-82.8267056	-143.691156
5288840000	-83.1440179	-137.42922	-83.5504398	-142.380806
5288850000	-83.9436839	-155.824662	-83.4896761	-141.183581
5288860000	-84.6250128	-144.646655	-85.1536917	-136.625044
5288870000	-84.4984405	-139.204139	-83.6352366	-143.413292
5288880000	-83.0591664	-144.455555	-84.0913591	-146.7343
5288890000	-82.7205399	-140.934178	-82.9978921	-140.406349
5288900000	-84.5063476	-141.366154	-84.3894973	-142.61535
5288910000	-83.0287568	-143.113028	-83.6038954	-147.078129
5288920000	-84.107336	-147.345057	-83.2169318	-152.060122
5288930000	-83.7568514	-142.792667	-83.8721007	-141.063997
5288940000	-83.7922341	-145.198942	-84.1965777	-150.995348
5288950000	-84.1269751	-148.557932	-82.4849486	-136.880066
5288960000	-83.1632356	-148.85006	-83.124102	-144.318041
5288970000	-83.2540318	-140.200337	-84.1815104	-139.470181
5288980000	-83.9419798	-141.150699	-84.5855093	-136.916765
5288990000	-83.4545771	-140.363983	-84.2321514	-134.514149
5289000000	-83.4974474	-146.83289	-83.2342094	-138.582245
5289010000	-82.9227145	-148.033107	-83.9574348	-138.388479
5289020000	-84.7653297	-142.031182	-83.1633192	-137.345038
5289030000	-84.5534437	-144.830839	-83.3622967	-138.437138
5289040000	-84.5631765	-142.387355	-83.3891108	-137.65957
5289050000	-84.6627028	-139.718038	-83.2640583	-144.630499
5289060000	-83.8901971	-140.508928	-84.7719972	-133.546846
5289070000	-83.9243296	-140.784986	-83.2546456	-137.688296
5289080000	-85.192449	-144.260044	-84.9546698	-127.362578
5289090000	-83.4637059	-139.480665	-84.4167058	-141.802465
5289100000	-84.3164943	-143.214214	-83.2161095	-141.289796
5289110000	-84.7812346	-136.148074	-84.150677	-133.517786
5289120000	-84.440583	-143.012393	-83.3082712	-134.67576
5289130000	-83.6523916	-147.843886	-84.3573982	-140.991125
5289140000	-85.9708474	-137.823677	-83.7444469	-140.407605
5289150000	-84.1119047	-149.776815	-85.0574724	-141.503343
5289160000	-83.4486492	-139.120563	-85.5193512	-129.992864
5289170000	-84.4972302	-137.618923	-83.9268637	-135.194864
5289180000	-84.0828331	-139.772724	-83.8684743	-136.174155
5289190000	-84.6423448	-138.609115	-85.6140662	-135.521219
5289200000	-83.9896292	-141.412607	-83.8007287	-133.785602
5289210000	-84.1484618	-132.370769	-83.7830115	-137.40395
5289220000	-84.4315617	-136.035551	-84.0455362	-137.733678
5289230000	-85.2106825	-134.591292	-84.7059348	-134.871973
5289240000	-84.1238452	-139.690291	-84.3943207	-136.195878
5289250000	-84.8545921	-143.264025	-84.0315707	-134.976014
5289260000	-83.9541662	-135.002302	-84.6466983	-132.324599
5289270000	-84.144616	-144.780448	-83.6750385	-135.483011
5289280000	-84.8403147	-132.449974	-84.7991739	-130.334835
5289290000	-84.1434853	-141.776352	-84.3353653	-131.192901
5289300000	-84.3075711	-134.676297	-84.8295869	-133.695613
5289310000	-84.3623127	-131.818261	-85.2714115	-134.600169
5289320000	-84.6269742	-140.671863	-85.1461404	-130.05694
5289330000	-83.8072851	-130.715159	-86.1695669	-130.901097
5289340000	-85.3067254	-134.439088	-84.9842522	-130.320578
5289350000	-86.0422964	-144.422624	-85.4057539	-138.065711
5289360000	-85.1839859	-137.999132	-84.5056431	-138.583091
5289370000	-85.5604396	-130.908507	-83.7181065	-133.119672
5289380000	-84.2104422	-126.393253	-83.8640282	-135.736579
5289390000	-85.9255247	-124.623114	-84.3705668	-131.934746
5289400000	-83.2631593	-126.13266	-83.3902444	-131.498993
5289410000	-83.5802353	-137.86472	-84.6395166	-139.672704
5289420000	-85.0933801	-141.560638	-84.8055159	-128.307562
5289430000	-84.9078715	-137.297075	-84.3301948	-128.753436
5289440000	-84.3551126	-139.26708	-84.3380803	-127.903196
5289450000	-84.8384459	-138.194242	-84.5453131	-133.030216
5289460000	-85.7738498	-141.55509	-85.1229435	-128.75159
5289470000	-85.8785898	-131.815821	-85.964814	-121.808513
5289480000	-85.2679601	-138.207586	-84.2491567	-131.010815
5289490000	-84.6919089	-131.373375	-83.8234541	-132.995005
5289500000	-84.8653471	-132.557208	-84.629007	-126.056903
5289510000	-83.3626957	-138.172097	-84.2197315	-138.103887
5289520000	-85.7938708	-129.477912	-84.9664521	-124.532633
5289530000	-85.4990542	-132.347809	-86.1428486	-127.067115
5289540000	-85.2059145	-126.978083	-86.1107906	-132.76089
5289550000	-85.1780447	-136.647617	-85.0614931	-121.393325
5289560000	-85.2600207	-130.972092	-84.1916329	-133.766725
5289570000	-84.9631912	-125.786347	-85.5233127	-131.717735
5289580000	-84.3927056	-129.480786	-85.5263103	-127.055804
5289590000	-85.4084028	-133.809017	-85.550691	-129.470824
5289600000	-84.2869559	-125.670889	-85.0950333	-131.645181
5289610000	-83.9000358	-132.6564	-85.8098119	-129.372423
5289620000	-85.4665178	-132.469921	-85.168238	-125.025738
5289630000	-85.1281957	-135.345838	-85.1466944	-129.355897
5289640000	-85.7422576	-126.430126	-85.8103893	-128.537305
5289650000	-84.8605629	-134.558608	-84.8623588	-130.296059
5289660000	-85.3571126	-124.005159	-87.334464	-115.623104
5289670000	-85.5784903	-122.674831	-85.7578201	-127.444798
5289680000	-86.5336131	-128.957204	-84.7172269	-121.568505
5289690000	-85.0028188	-132.613703	-84.7790994	-130.971522
5289700000	-87.3236587	-131.57748	-84.4613818	-120.129451
5289710000	-86.1151356	-118.962441	-85.3620274	-125.426177
5289720000	-86.8354379	-130.469807	-86.0836266	-128.98781
5289730000	-85.4567784	-129.358263	-85.7190984	-123.87881
5289740000	-84.7382896	-134.605286	-84.8326284	-128.639297
5289750000	-85.2403958	-125.529583	-85.2469951	-123.454303
5289760000	-85.8820125	-128.666935	-86.1009292	-119.914397
5289770000	-85.0712975	-128.29598	-87.0037653	-121.743828
5289780000	-85.5224631	-126.343201	-84.7514711	-120.319782
5289790000	-85.5581405	-123.530407	-85.7613244	-112.592842
5289800000	-85.4782018	-129.546859	-86.1835928	-129.313269
5289810000	-84.8966373	-126.328263	-85.3517929	-131.336844
5289820000	-85.6851408	-129.537181	-84.5257404	-124.251461
5289830000	-84.6394928	-129.126912	-85.6759477	-122.492783
5289840000	-85.4664816	-117.869961	-85.5149467	-126.098802
5289850000	-85.4763024	-128.926837	-84.8763237	-114.172231
5289860000	-85.0960476	-125.163238	-84.814335	-126.09079
5289870000	-85.9772722	-116.392886	-85.477866	-124.221125
5289880000	-84.801204	-130.593881	-88.5532411	-112.537402
5289890000	-85.7740055	-125.270364	-84.8673597	-115.006723
5289900000	-86.7135279	-124.401689	-86.3937658	-123.895055
5289910000	-85.6838987	-120.797709	-86.1139814	-116.030608
5289920000	-84.9719689	-117.695422	-83.8687886	-119.620443
5289930000	-86.6453523	-129.936282	-84.5545584	-116.223142
5289940000	-86.139892	-126.211151	-85.7348884	-125.390343
5289950000	-87.1275706	-125.361932	-86.3369169	-119.886227
5289960000	-84.5078027	-127.273992	-85.4827566	-126.893559
5289970000	-85.6141154	-116.481403	-86.9728479	-121.279875
5289980000	-85.6598756	-119.374498	-85.7844633	-120.797714
5289990000	-85.1578111	-119.907342	-84.7305889	-115.996548
5290000000	-85.1656626	-112.24987	-85.8258371	-126.192259