1.377521594492010539e+06
1.377515172828752315e+06
1.377499947713922709e+06
1.377464751861516153e+06
1.377384643342552241e+06
1.377204108004494570e+06
1.376799913733781781e+06
1.375899201964916661e+06
1.373899878832707414e+06
1.369481437850237358e+06
1.359783811955919722e+06
1.338778154460933991e+06
1.294495464905863162e+06
1.206182404842175078e+06
1.047976176920464495e+06
8.122833258991970215e+05
5.424632408249233849e+05
3.127656407343466417e+05
1.615701963857520605e+05
7.813889519738800300e+04
3.652040503600586089e+04
1.679856624227021894e+04
7.676901064357871292e+03
3.502926596102713120e+03
1.600701791136079009e+03
7.343114439196164085e+02
3.390869690020558096e+02
1.581847853194906008e+02
7.493374854729484014e+01
3.631534645479165135e+01
